Testcase input #1: 
778 625
418 22
503 1373
1114 338 1456

Testcase input #2: 
453 909
207 102
1218 90
1304 1810 1813

Testcase input #3: 
988 601
287 376
1320 709
1717 1998 897

Testcase input #4: 
921 83
491 748
356 549
1040 1548 922

Testcase input #5: 
490 479
634 147
1497 506
1347 1317 1760

Testcase input #6: 
783 339
642 437
377 569
1635 1907 1141

Testcase input #7: 
32 204
896 343
704 244
545 1260 237

Testcase input #8: 
897 460
76 6
1152 1491
1207 179 546

Testcase input #9: 
272 555
232 481
811 1013
61 1691 653

Testcase input #10: 
99 348
254 497
332 296
186 725 1204

Testcase input #11: 
417 941
40 204
463 1367
1771 940 748

Testcase input #12: 
616 132
840 125
247 349
1234 386 1764

Testcase input #13: 
487 77
816 704
1842 801
1144 1096 219

Testcase input #14: 
533 857
262 493
1851 948
661 1369 243

Testcase input #15: 
637 534
713 840
1651 204
273 464 801

Testcase input #16: 
391 537
602 712
807 1111
1899 516 609

Testcase input #17: 
709 354
362 63
1421 125
931 1102 661

Testcase input #18: 
918 349
730 444
856 640
1662 1558 1103

Testcase input #19: 
519 798
505 326
1098 704
519 413 1363

Testcase input #20: 
56 804
363 726
1083 449
1483 1929 1511

Testcase input #21: 
954 872
503 639
282 60
14 126 1256

Testcase input #22: 
914 361
792 15
70 245
562 785 97

Testcase input #23: 
363 732
42 459
862 1388
1252 4 68

Testcase input #24: 
217 486
709 344
1548 581
1814 327 1908

Testcase input #25: 
931 700
323 91
142 87
923 1244 1668

Testcase input #26: 
280 375
263 565
1121 787
221 119 959

Testcase input #27: 
526 925
320 684
1634 1460
638 1007 652

Testcase input #28: 
447 674
532 671
607 1336
142 618 491

Testcase input #29: 
909 174
528 291
299 638
1258 875 1831

Testcase input #30: 
454 109
725 587
204 166
576 1402 582

Testcase input #31: 
217 796
508 97
952 1267
1613 1072 1707

Testcase input #32: 
943 764
332 548
145 1736
507 772 986

Testcase input #33: 
479 578
319 439
1295 1969
245 1223 885

Testcase input #34: 
669 492
389 130
1206 1024
1961 1507 1842

Testcase input #35: 
421 544
95 894
1426 979
312 489 1102

Testcase input #36: 
736 890
352 652
1777 461
1909 1760 165

Testcase input #37: 
607 209
656 254
1001 970
1542 693 602

Testcase input #38: 
762 313
874 219
1600 246
1906 167 949

Testcase input #39: 
924 635
309 721
57 1463
650 1838 20

Testcase input #40: 
147 977
620 672
37 504
1224 291 254

Testcase input #41: 
177 207
802 417
442 1821
1003 682 271

Testcase input #42: 
85 226
385 180
58 1617
514 1792 605

Testcase input #43: 
431 466
36 362
613 1
401 65 1455

Testcase input #44: 
590 131
146 86
882 118
162 1422 1184

Testcase input #45: 
532 551
330 840
1722 1527
1013 700 767

Testcase input #46: 
886 700
159 674
67 1696
1701 1270 677

Testcase input #47: 
139 336
589 290
1653 1562
1839 1410 1870

Testcase input #48: 
990 230
254 37
1247 1891
930 1498 1088

Testcase input #49: 
287 678
802 802
1848 812
803 228 1227

Testcase input #50: 
630 451
364 397
1724 1375
1086 1432 165

Testcase input #51: 
928 158
547 258
1400 1272
1067 1261 1866

Testcase input #52: 
877 439
846 660
1016 34
190 1546 19

Testcase input #53: 
315 653
650 292
1842 121
1394 1768 1103

Testcase input #54: 
500 178
42 797
292 206
1888 170 418

Testcase input #55: 
812 719
895 746
315 1045
1071 1104 60

Testcase input #56: 
36 511
753 1
156 1697
1202 275 758

Testcase input #57: 
210 833
601 783
1156 702
322 1973 1991

Testcase input #58: 
400 597
36 227
1667 1206
72 898 120

Testcase input #59: 
820 440
557 200
1317 276
875 1116 1267

Testcase input #60: 
370 837
173 666
1134 1197
1241 56 455

Testcase input #61: 
295 391
264 306
1315 299
1532 349 1742

Testcase input #62: 
523 516
404 173
1826 979
1596 580 1531

Testcase input #63: 
124 711
127 83
731 51
1110 1591 1942

Testcase input #64: 
636 166
312 862
599 1431
1445 1102 218

Testcase input #65: 
903 563
765 168
1276 657
1104 1145 1534

Testcase input #66: 
727 570
558 858
1681 367
1283 24 957

Testcase input #67: 
480 581
671 889
1458 1787
1600 1000 212

Testcase input #68: 
182 586
125 434
458 875
664 394 1407

Testcase input #69: 
183 865
887 720
679 345
1186 1902 1151

Testcase input #70: 
37 735
168 320
1908 214
1656 1671 1467

Testcase input #71: 
355 717
92 83
402 1234
520 1866 985

Testcase input #72: 
17 81
86 689
1578 953
220 599 1220

Testcase input #73: 
775 183
112 680
753 1667
319 320 889

Testcase input #74: 
501 81
861 547
397 447
248 1816 97

Testcase input #75: 
23 734
297 872
1422 1277
266 252 1678

Testcase input #76: 
903 452
343 258
1233 883
157 808 1600

Testcase input #77: 
886 298
487 713
1521 100
1761 1646 345

Testcase input #78: 
954 137
419 700
1664 580
1477 997 1245

Testcase input #79: 
629 182
900 843
1081 713
305 1564 822

Testcase input #80: 
164 39
444 360
301 1847
1150 1787 1040

Testcase input #81: 
759 615
704 851
1343 1552
240 1722 1488

Testcase input #82: 
365 756
396 139
1636 818
1378 1739 1061

Testcase input #83: 
662 537
597 727
228 1918
1404 928 346

Testcase input #84: 
454 766
706 839
1560 46
352 1100 1327

Testcase input #85: 
972 19
254 21
918 1400
1776 1928 559

Testcase input #86: 
497 271
615 277
361 142
1987 140 1519

Testcase input #87: 
282 697
659 243
1922 1371
1274 1382 1260

Testcase input #88: 
488 31
645 826
77 1997
1427 811 1786

Testcase input #89: 
633 494
637 287
62 311
198 385 1170

Testcase input #90: 
465 960
280 665
346 544
457 1225 1198

Testcase input #91: 
176 575
562 153
1462 1919
1012 1628 593

Testcase input #92: 
882 512
755 817
336 1643
736 1080 62

Testcase input #93: 
539 404
528 225
853 346
50 420 390

Testcase input #94: 
303 849
782 395
35 1268
679 74 1243

Testcase input #95: 
103 283
628 417
1098 498
120 76 1007

Testcase input #96: 
900 409
769 452
1795 1128
1425 1396 1549

Testcase input #97: 
817 701
774 771
216 318
740 1398 458

Testcase input #98: 
141 32
483 592
152 776
493 1137 767

Testcase input #99: 
228 103
469 857
366 467
1006 1436 1961

Testcase input #100: 
243 108
470 477
790 1060
932 1006 1914

